0	1	1	1	1	1	1	1	
0.5	0.991236	0.987192	0.982589	0.977675	0.972637	0.967606	0.962669	
1	0.970985	0.961483	0.951669	0.942048	0.93286	0.924197	0.916076	
1.5	0.943177	0.929315	0.915848	0.903191	0.891459	0.880636	0.870651	
2	0.909239	0.891786	0.875643	0.860917	0.84753	0.835341	0.824202	
2.5	0.870301	0.849249	0.830648	0.814141	0.7994	0.786143	0.774136	
3	0.827938	0.802623	0.781097	0.762463	0.746106	0.731578	0.718544	
3.5	0.784147	0.753694	0.728425	0.70691	0.688244	0.671807	0.65716	
4	0.740926	0.704752	0.675076	0.649983	0.628303	0.60926	0.592313	
4.5	0.699863	0.657933	0.623697	0.594812	0.569872	0.547963	0.52845	
5	0.661955	0.614736	0.576326	0.544001	0.516145	0.491715	0.469998	
5.5	0.627653	0.575911	0.534046	0.498985	0.468921	0.44269	0.419496	
6	0.597004	0.541601	0.497096	0.460093	0.428597	0.401323	0.377394	
6.5	0.569814	0.511567	0.465179	0.426941	0.394674	0.366972	0.342876	
7	0.545768	0.485384	0.43774	0.398825	0.366277	0.338576	0.314679	
7.5	0.524511	0.46257	0.414156	0.374968	0.342473	0.31504	0.291553	
8	0.505693	0.442652	0.393829	0.354649	0.322418	0.295407	0.272435	
8.5	0.48899	0.425203	0.376233	0.337245	0.305404	0.278893	0.256477	
9	0.474115	0.409853	0.360918	0.322242	0.29086	0.264879	0.243022	
9.5	0.460821	0.396287	0.347514	0.309221	0.278327	0.252879	0.231562	
10	0.448892	0.384239	0.335713	0.297842	0.267445	0.242515	0.221712	
10.5	0.438148	0.373488	0.325266	0.287834	0.257927	0.233493	0.213169	
11	0.428433	0.36385	0.315966	0.278978	0.249544	0.225579	0.205702	
11.5	0.419617	0.355172	0.307645	0.271094	0.242114	0.218589	0.199126	
12	0.411587	0.347323	0.300163	0.264038	0.235489	0.212376	0.193296	
12.5	0.404248	0.340198	0.293405	0.257692	0.22955	0.206821	0.188096	
13	0.397519	0.333703	0.287275	0.251956	0.224199	0.201829	0.18343	
13.5	0.391331	0.327763	0.281691	0.246749	0.219355	0.197319	0.179224	
14	0.385622	0.322311	0.276587	0.242004	0.214951	0.193226	0.175413	
14.5	0.380342	0.317292	0.271905	0.237664	0.21093	0.189497	0.171945	
15	0.375445	0.312657	0.267595	0.233679	0.207247	0.186086	0.168777	
15.5	0.370893	0.308366	0.263617	0.230009	0.203861	0.182955	0.165872	
16	0.366651	0.304382	0.259934	0.226619	0.200738	0.180071	0.163199	
16.5	0.36269	0.300675	0.256516	0.223478	0.197849	0.177406	0.160731	
17	0.358982	0.297216	0.253335	0.22056	0.195169	0.174937	0.158447	
17.5	0.355506	0.293983	0.250367	0.217843	0.192677	0.172643	0.156327	
18	0.352241	0.290954	0.247593	0.215307	0.190354	0.170506	0.154354	
18.5	0.349167	0.288111	0.244994	0.212935	0.188183	0.168511	0.152512	
19	0.34627	0.285438	0.242555	0.210711	0.18615	0.166645	0.150791	
19.5	0.343535	0.28292	0.240261	0.208622	0.184242	0.164894	0.149177	
20	0.340948	0.280544	0.2381	0.206657	0.182449	0.16325	0.147663	
20.5	0.338499	0.278298	0.236061	0.204805	0.18076	0.161703	0.146238	
21	0.336176	0.276173	0.234134	0.203056	0.179167	0.160244	0.144895	
21.5	0.33397	0.274159	0.232309	0.201402	0.177661	0.158867	0.143628	
22	0.331873	0.272248	0.23058	0.199836	0.176237	0.157564	0.142429	
22.5	0.329877	0.270431	0.228939	0.198351	0.174886	0.156329	0.141295	
23	0.327975	0.268703	0.22738	0.196941	0.173605	0.155159	0.140219	
23.5	0.32616	0.267057	0.225896	0.1956	0.172388	0.154047	0.139197	
24	0.324427	0.265487	0.224482	0.194324	0.171229	0.152989	0.138226	
24.5	0.322771	0.263988	0.223133	0.193107	0.170126	0.151982	0.137302	
25	0.321185	0.262556	0.221846	0.191947	0.169073	0.151022	0.136421	
25.5	0.319667	0.261186	0.220616	0.190838	0.168069	0.150106	0.13558	
26	0.318212	0.259874	0.219438	0.189778	0.167109	0.149231	0.134778	
26.5	0.316815	0.258617	0.218311	0.188764	0.16619	0.148394	0.13401	
27	0.315475	0.257411	0.217231	0.187792	0.165311	0.147593	0.133276	
27.5	0.314186	0.256254	0.216195	0.186861	0.164468	0.146825	0.132572	
28	0.312947	0.255142	0.2152	0.185967	0.16366	0.146089	0.131898	
28.5	0.311755	0.254072	0.214244	0.185108	0.162884	0.145383	0.131251	
29	0.310606	0.253044	0.213325	0.184283	0.162138	0.144704	0.130629	
29.5	0.3095	0.252053	0.21244	0.183489	0.161421	0.144052	0.130032	
30	0.308432	0.251099	0.211589	0.182725	0.160731	0.143424	0.129457	
30.5	0.307402	0.250178	0.210768	0.18199	0.160067	0.14282	0.128904	
31	0.306408	0.249291	0.209976	0.18128	0.159427	0.142238	0.128371	
31.5	0.305447	0.248433	0.209213	0.180596	0.158809	0.141677	0.127858	
32	0.304518	0.247605	0.208475	0.179936	0.158214	0.141136	0.127362	
32.5	0.30362	0.246805	0.207763	0.179298	0.157639	0.140613	0.126884	
33	0.30275	0.246031	0.207075	0.178682	0.157083	0.140109	0.126423	
33.5	0.301909	0.245282	0.206409	0.178086	0.156546	0.139621	0.125977	
34	0.301093	0.244557	0.205764	0.17751	0.156027	0.139149	0.125545	
34.5	0.300303	0.243855	0.20514	0.176952	0.155524	0.138693	0.125128	
35	0.299536	0.243175	0.204536	0.176412	0.155038	0.138251	0.124724	
35.5	0.298793	0.242515	0.20395	0.175889	0.154566	0.137823	0.124333	
36	0.298071	0.241875	0.203382	0.175381	0.154109	0.137409	0.123954	
36.5	0.29737	0.241254	0.202831	0.174889	0.153666	0.137007	0.123587	
37	0.29669	0.240651	0.202297	0.174412	0.153237	0.136617	0.12323	
37.5	0.296028	0.240065	0.201777	0.173949	0.15282	0.136239	0.122885	
38	0.295385	0.239496	0.201273	0.173498	0.152415	0.135871	0.122549	
38.5	0.29476	0.238943	0.200783	0.173061	0.152021	0.135515	0.122223	
39	0.294152	0.238405	0.200307	0.172636	0.151639	0.135168	0.121907	
39.5	0.293559	0.237881	0.199843	0.172223	0.151267	0.134831	0.121599	
40	0.292983	0.237372	0.199393	0.171821	0.150906	0.134503	0.1213	
40.5	0.292421	0.236876	0.198954	0.17143	0.150554	0.134185	0.121009	
41	0.291874	0.236393	0.198527	0.171049	0.150212	0.133875	0.120725	
41.5	0.291341	0.235923	0.198111	0.170679	0.149879	0.133573	0.12045	
42	0.290821	0.235464	0.197705	0.170318	0.149555	0.133279	0.120181	
42.5	0.290314	0.235017	0.19731	0.169966	0.149238	0.132992	0.11992	
43	0.28982	0.234581	0.196925	0.169623	0.14893	0.132713	0.119665	
43.5	0.289337	0.234156	0.19655	0.169288	0.14863	0.132441	0.119416	
44	0.288866	0.233741	0.196183	0.168962	0.148337	0.132175	0.119174	
44.5	0.288406	0.233336	0.195826	0.168644	0.148051	0.131917	0.118938	
45	0.287957	0.232941	0.195477	0.168333	0.147772	0.131664	0.118707	
45.5	0.287518	0.232555	0.195136	0.16803	0.1475	0.131417	0.118483	
46	0.287089	0.232178	0.194803	0.167734	0.147234	0.131177	0.118263	
46.5	0.28667	0.231809	0.194478	0.167445	0.146974	0.130942	0.118048	
47	0.28626	0.231449	0.194161	0.167162	0.146721	0.130712	0.117839	
47.5	0.285859	0.231097	0.19385	0.166886	0.146473	0.130488	0.117634	
48	0.285467	0.230752	0.193546	0.166616	0.146231	0.130268	0.117434	
48.5	0.285083	0.230416	0.193249	0.166352	0.145994	0.130054	0.117239	
49	0.284708	0.230086	0.192959	0.166094	0.145762	0.129844	0.117047	
49.5	0.284341	0.229764	0.192675	0.165842	0.145536	0.129639	0.11686	
50	0.283981	0.229448	0.192397	0.165594	0.145314	0.129439	0.116677	
