0	1	1	1	1	0.999992	0.999973	0.999943	
0.07	0.999785	0.999648	0.999465	0.999232	0.998939	0.998584	0.998168	
0.14	0.999175	0.998676	0.998033	0.997246	0.996318	0.995264	0.9941	
0.21	0.998216	0.997193	0.995913	0.994401	0.992688	0.990816	0.988825	
0.28	0.996944	0.995284	0.993261	0.990942	0.988396	0.985695	0.982901	
0.35	0.995392	0.993017	0.990192	0.987037	0.983662	0.980166	0.976624	
0.42	0.993585	0.990446	0.986793	0.982805	0.978631	0.974388	0.970161	
0.49	0.991545	0.987615	0.98313	0.97833	0.973396	0.968459	0.963606	
0.56	0.98929	0.984558	0.979253	0.973671	0.968022	0.962443	0.957018	
0.63	0.986836	0.981302	0.975197	0.96887	0.962552	0.956379	0.950428	
0.7	0.984194	0.977869	0.970992	0.96396	0.957015	0.950291	0.943858	
0.77	0.981377	0.974275	0.966657	0.958959	0.951429	0.944196	0.937317	
0.84	0.978392	0.970534	0.962209	0.953883	0.945808	0.938102	0.930812	
0.91	0.975249	0.966656	0.957658	0.948743	0.940158	0.932014	0.924342	
0.98	0.971954	0.96265	0.953013	0.943543	0.934485	0.925932	0.917907	
1.05	0.968512	0.958522	0.948278	0.938289	0.928787	0.919856	0.911502	
1.12	0.964929	0.954277	0.943458	0.932981	0.923066	0.913781	0.905122	
1.19	0.961209	0.949919	0.938554	0.927619	0.917318	0.907705	0.898762	
1.26	0.957356	0.94545	0.933568	0.922203	0.911542	0.901622	0.892414	
1.33	0.953373	0.940873	0.9285	0.916731	0.905732	0.895526	0.886073	
1.4	0.949263	0.936189	0.92335	0.9112	0.899885	0.889412	0.879729	
1.47	0.945029	0.9314	0.918116	0.905607	0.893996	0.883274	0.873376	
1.54	0.940674	0.926506	0.912798	0.899949	0.88806	0.877104	0.867007	
1.61	0.936201	0.921508	0.907394	0.894223	0.882072	0.870898	0.860614	
1.68	0.931612	0.916407	0.901902	0.888426	0.876027	0.864647	0.854188	
1.75	0.92691	0.911203	0.896322	0.882553	0.86992	0.858346	0.847722	
1.82	0.922098	0.905896	0.890651	0.876602	0.863746	0.851989	0.84121	
1.89	0.917179	0.900488	0.884888	0.870569	0.8575	0.845569	0.834644	
1.96	0.912155	0.894979	0.879031	0.864452	0.851178	0.83908	0.828016	
2.03	0.907031	0.88937	0.87308	0.858246	0.844774	0.832517	0.821321	
2.1	0.901809	0.883662	0.867034	0.85195	0.838286	0.825874	0.814551	
2.17	0.896494	0.877857	0.860891	0.845561	0.831707	0.819146	0.8077	
2.24	0.891089	0.871957	0.854653	0.839077	0.825037	0.812327	0.800761	
2.31	0.885599	0.865964	0.848318	0.832496	0.81827	0.805414	0.79373	
2.38	0.880027	0.859881	0.841888	0.825818	0.811404	0.798402	0.7866	
2.45	0.874379	0.853709	0.835364	0.819041	0.804438	0.791287	0.779366	
2.52	0.86866	0.847454	0.828747	0.812165	0.797368	0.784067	0.772025	
2.59	0.862874	0.841117	0.82204	0.805191	0.790194	0.776738	0.764571	
2.66	0.857027	0.834705	0.815244	0.79812	0.782916	0.769298	0.757002	
2.73	0.851124	0.82822	0.808362	0.790953	0.775533	0.761747	0.749316	
2.8	0.845172	0.821668	0.8014	0.783693	0.768047	0.754083	0.741509	
2.87	0.839174	0.815053	0.79436	0.776342	0.760459	0.746308	0.733582	
2.94	0.833138	0.808382	0.787247	0.768904	0.752771	0.738422	0.725534	
3.01	0.827069	0.80166	0.780067	0.761383	0.744987	0.730427	0.717367	
3.08	0.820973	0.794892	0.772824	0.753785	0.73711	0.722326	0.709082	
3.15	0.814855	0.788086	0.765525	0.746114	0.729147	0.714125	0.700682	
3.22	0.808722	0.781247	0.758177	0.738377	0.721101	0.705827	0.692172	
3.29	0.802579	0.774382	0.750785	0.73058	0.712981	0.697439	0.683558	
3.36	0.796432	0.767497	0.743358	0.722732	0.704792	0.688967	0.674845	
3.43	0.790286	0.760599	0.735902	0.714839	0.696543	0.680419	0.666042	
3.5	0.784147	0.753694	0.728425	0.706909	0.688242	0.671805	0.657157	
3.57	0.77802	0.746789	0.720934	0.698952	0.679898	0.663134	0.648201	
3.64	0.771909	0.739891	0.713437	0.690975	0.671522	0.654415	0.639183	
3.71	0.765821	0.733006	0.705942	0.682987	0.663122	0.64566	0.630116	
3.78	0.759758	0.72614	0.698456	0.674999	0.65471	0.63688	0.621013	
3.85	0.753727	0.719299	0.690988	0.667017	0.646294	0.628087	0.611886	
3.92	0.747731	0.71249	0.683544	0.659053	0.637887	0.619294	0.602748	
3.99	0.741774	0.705716	0.676131	0.651114	0.629498	0.610511	0.593614	
4.06	0.735859	0.698985	0.668757	0.643208	0.621138	0.601752	0.584497	
4.13	0.729991	0.692301	0.661429	0.635346	0.612817	0.593028	0.575412	
4.2	0.724172	0.685668	0.654153	0.627535	0.604545	0.584351	0.566372	
4.27	0.718406	0.679092	0.646935	0.619782	0.596332	0.575732	0.557391	
4.34	0.712695	0.672577	0.639781	0.612095	0.588187	0.567184	0.548481	
4.41	0.707042	0.666126	0.632696	0.604482	0.580119	0.558715	0.539655	
4.48	0.701449	0.659743	0.625685	0.596948	0.572136	0.550337	0.530924	
4.55	0.695918	0.653432	0.618753	0.5895	0.564245	0.542058	0.5223	
4.62	0.690452	0.647195	0.611905	0.582144	0.556454	0.533888	0.513792	
4.69	0.685051	0.641035	0.605143	0.574884	0.548769	0.525832	0.505411	
4.76	0.679717	0.634954	0.598472	0.567725	0.541195	0.5179	0.497163	
4.83	0.674452	0.628955	0.591895	0.560671	0.533739	0.510097	0.489057	
4.9	0.669256	0.62304	0.585413	0.553727	0.526404	0.502428	0.481099	
4.97	0.66413	0.617209	0.57903	0.546894	0.519195	0.494898	0.473294	
5.04	0.659075	0.611464	0.572748	0.540175	0.512114	0.487511	0.465646	
5.11	0.654092	0.605807	0.566568	0.533573	0.505164	0.48027	0.45816	
5.18	0.649181	0.600237	0.56049	0.527089	0.498348	0.473178	0.450838	
5.25	0.644343	0.594757	0.554518	0.520725	0.491666	0.466237	0.443682	
5.32	0.639576	0.589365	0.54865	0.514482	0.485121	0.459447	0.436694	
5.39	0.634883	0.584063	0.542887	0.50836	0.478713	0.45281	0.429873	
5.46	0.630261	0.57885	0.53723	0.502359	0.472442	0.446325	0.42322	
5.53	0.625712	0.573726	0.531679	0.49648	0.466308	0.439993	0.416735	
5.6	0.621234	0.568692	0.526233	0.490721	0.46031	0.433812	0.410416	
5.67	0.616828	0.563745	0.520891	0.485083	0.454448	0.427781	0.404261	
5.74	0.612493	0.558887	0.515654	0.479564	0.44872	0.421899	0.398269	
5.81	0.608229	0.554116	0.510519	0.474164	0.443125	0.416165	0.392437	
5.88	0.604034	0.549432	0.505487	0.468881	0.437661	0.410574	0.386762	
5.95	0.599908	0.544833	0.500556	0.463714	0.432327	0.405127	0.381242	
6.02	0.595851	0.54032	0.495725	0.45866	0.427121	0.399819	0.375874	
6.09	0.591862	0.53589	0.490993	0.45372	0.42204	0.394649	0.370654	
6.16	0.58794	0.531542	0.486358	0.44889	0.417082	0.389613	0.365579	
6.23	0.584084	0.527277	0.481819	0.444169	0.412245	0.384709	0.360645	
6.3	0.580293	0.523091	0.477374	0.439554	0.407526	0.379934	0.355849	
6.37	0.576567	0.518986	0.473021	0.435045	0.402923	0.375284	0.351188	
6.44	0.572904	0.514958	0.46876	0.430638	0.398433	0.370757	0.346657	
6.51	0.569303	0.511006	0.464588	0.426332	0.394054	0.366349	0.342253	
6.58	0.565764	0.507131	0.460504	0.422124	0.389783	0.362057	0.337972	
6.65	0.562285	0.503329	0.456505	0.418013	0.385617	0.357878	0.333811	
6.72	0.558867	0.4996	0.452591	0.413996	0.381554	0.35381	0.329766	
6.79	0.555506	0.495942	0.448759	0.41007	0.377591	0.349848	0.325834	
6.86	0.552204	0.492354	0.445007	0.406235	0.373725	0.345991	0.32201	
6.93	0.548958	0.488835	0.441335	0.402487	0.369954	0.342234	0.318293	
