-9.31438e-05
-0.000182453
-0.000174756
-0.000167018
-0.000159245
-0.000150875
-0.000141849
-0.000132738
-0.000123616
-0.000114331
-0.000104902
-9.55085e-05
-8.61601e-05
-7.68676e-05
-6.76429e-05
-5.84961e-05
-4.94375e-05
-4.04768e-05
-3.16257e-05
-2.28933e-05
-1.42875e-05
-5.82113e-06
2.5019e-06
1.06712e-05
1.86841e-05
2.6538e-05
3.42213e-05
4.17242e-05
4.9044e-05
5.61752e-05
6.3112e-05
6.98537e-05
7.63934e-05
8.27314e-05
8.88633e-05
9.47887e-05
0.00010051
0.000106022
0.000111329
0.000116447
0.000121383
0.000126118
0.000130655
0.000134998
0.000139188
0.000143229
0.000147092
0.000150784
0.000154308
0.000157672
0.00016088
0.000163941
0.000166859
0.000169642
0.000172297
0.000174832
0.000177253
0.000179568
0.000181784
0.000183909
0.00018595
0.000187915
0.000189811
0.000191645
0.000193425
0.000195157
0.000196848
0.000198505
0.000200133
0.00020174
0.000203329
0.000204907
0.000206477
0.000208044
0.000209612
0.000211182
0.000212758
0.00021434
0.000215929
0.000217525
0.000219127
0.000220733
0.000222341
0.000223947
0.000225546
0.000227133
0.000228701
0.000230245
0.000231757
0.000233227
0.000234648
0.000236009
0.000237301
0.000238514
0.000239638
0.000240663
0.000241579
0.000242377
0.000243048
0.000243582
0.000243974
0.000244214
0.000244299
0.000244221
0.000243979
0.000243569
0.00024299
0.000242242
0.000241327
0.000240243
0.00023899
0.00023758
0.000236023
0.000234328
0.000232504
0.00023056
0.000228508
0.000226359
0.000224125
0.000221819
0.000219453
0.000217041
0.000214595
0.000212128
0.000209653
0.000207182
0.000204728
0.000202301
0.000199912
0.000197573
0.000195291
0.000193077
0.000190936
0.000188877
0.000186905
0.000185024
0.000183237
0.000181547
0.000179954
0.000178457
0.000177052
0.000175736
0.000174502
0.000173341
0.000172244
0.000171198
0.000170188
0.000169199
0.000168213
0.000167209
0.000166167
0.000165063
0.000163873
0.000162574
0.000161139
0.000159544
0.000157764
0.000155774
0.000153552
0.000151076
0.000148328
0.000145291
0.00014195
0.000138296
0.00013432
0.00013002
0.000125395
0.00012045
0.000115191
0.00010963
0.000103782
9.76641e-05
9.12978e-05
8.47065e-05
7.79158e-05
7.09525e-05
6.38461e-05
5.66261e-05
4.93233e-05
4.19686e-05
3.45929e-05
2.72272e-05
1.99011e-05
1.26443e-05
5.48523e-06
-1.5492e-06
-8.43285e-06
-1.51418e-05
-2.1653e-05
-2.79462e-05
-3.40022e-05
-3.98046e-05
-4.5339e-05
-5.05933e-05
-5.55583e-05
-6.0227e-05
-6.45954e-05
-6.8662e-05
-7.24285e-05
-7.58989e-05
-7.90799e-05
-8.19811e-05
-8.46136e-05
-8.69908e-05
-8.91276e-05
-9.10405e-05
-9.2746e-05
-9.42612e-05
-9.56022e-05
-9.67853e-05
-9.78247e-05
-9.8733e-05
-9.95204e-05
-0.000100195
-0.000100761
-0.000101222
-0.000101577
-0.000101821
-0.000101948
-0.00010195
-0.000101816
-0.000101531
-0.000101083
-0.000100456
-9.96335e-05
-9.86004e-05
-9.73413e-05
-9.58419e-05
-9.40891e-05
-9.20715e-05
-8.97798e-05
-8.7207e-05
-8.43486e-05
-8.12027e-05
-7.77706e-05
-7.40558e-05
-7.00653e-05
-6.58088e-05
-6.12982e-05
-5.65485e-05
-5.15766e-05
-4.64016e-05
-4.10438e-05
-3.55253e-05
-2.98687e-05
-2.40971e-05
-1.82336e-05
-1.23007e-05
-6.32031e-06
-1.66046e-06
