0	-6.47214	-8.66025	-10.8116	-12.9343	-15.0351	-17.119	-19.1899	
0.25	-6.04778	-8.0794	-10.076	-12.047	-13.9994	-15.9387	-17.8683	
0.5	-5.6673	-7.56925	-9.44208	-11.2948	-13.134	-14.9637	-16.7867	
0.75	-5.32222	-7.11177	-8.8782	-10.6294	-12.3704	-14.1046	-15.834	
1	-5.00663	-6.69577	-8.36699	-10.0267	-11.6788	-13.3258	-14.9693	
1.25	-4.71627	-6.31391	-7.89794	-9.4733	-11.043	-12.6089	-14.1722	
1.5	-4.44798	-5.96113	-7.46417	-8.96082	-10.4533	-11.943	-13.4307	
1.75	-4.1994	-5.6338	-7.06097	-8.48357	-9.90319	-11.3208	-12.7369	
2	-3.9687	-5.32928	-6.68498	-8.03757	-9.38814	-10.7373	-12.0855	
2.25	-3.75442	-5.04555	-6.3337	-7.61993	-8.9049	-10.189	-11.4725	
2.5	-3.55536	-4.78103	-6.00524	-7.22848	-8.45107	-9.67323	-10.8951	
2.75	-3.37046	-4.53445	-5.69812	-6.86155	-8.02482	-9.18799	-10.3511	
3	-3.1988	-4.3047	-5.41112	-6.51782	-7.62472	-8.73177	-9.83893	
3.25	-3.03948	-4.09078	-5.14314	-6.19615	-7.24959	-8.30335	-9.35735	
3.5	-2.89168	-3.89174	-4.8932	-5.8955	-6.89838	-7.90167	-8.90526	
3.75	-2.75459	-3.70669	-4.66033	-5.6149	-6.5701	-7.52574	-8.4817	
4	-2.62743	-3.53472	-4.44356	-5.35333	-6.26372	-7.17453	-8.08564	
4.25	-2.50945	-3.37494	-4.24191	-5.10975	-5.97815	-6.84693	-7.71597	
4.5	-2.39994	-3.2265	-4.05441	-4.88309	-5.71225	-6.54174	-7.37145	
4.75	-2.29823	-3.08855	-3.88006	-4.67224	-5.46483	-6.25767	-7.05068	
5	-2.20366	-2.96028	-3.71792	-4.47611	-5.23463	-5.99335	-6.7522	
5.25	-2.11567	-2.84091	-3.56703	-4.2936	-5.02043	-5.74741	-6.47448	
5.5	-2.03368	-2.72973	-3.42651	-4.12366	-4.82101	-5.51846	-6.21599	
5.75	-1.9572	-2.62606	-3.29552	-3.96528	-4.63519	-5.30518	-5.97521	
6	-1.88576	-2.52927	-3.17328	-3.81752	-4.46187	-5.10628	-5.75072	
6.25	-1.81893	-2.43878	-3.05905	-3.67949	-4.30002	-4.92058	-5.54117	
6.5	-1.75634	-2.35408	-2.95216	-3.55039	-4.14867	-4.74698	-5.3453	
6.75	-1.69762	-2.27468	-2.85202	-3.42946	-4.00694	-4.58445	-5.16197	
7	-1.64246	-2.20014	-2.75804	-3.31603	-3.87404	-4.43208	-4.99011	
7.25	-1.59058	-2.13007	-2.66974	-3.20947	-3.74923	-4.289	-4.82878	
7.5	-1.5417	-2.0641	-2.58664	-3.10924	-3.63185	-4.15447	-4.67709	
7.75	-1.4956	-2.00191	-2.50834	-3.01481	-3.52129	-4.02778	-4.53427	
8	-1.45205	-1.9432	-2.43445	-2.92573	-3.41702	-3.90831	-4.3996	
8.25	-1.41086	-1.8877	-2.36463	-2.84157	-3.31853	-3.79548	-4.27244	
8.5	-1.37186	-1.83518	-2.29856	-2.76197	-3.22538	-3.68879	-4.1522	
8.75	-1.33487	-1.7854	-2.23598	-2.68657	-3.13717	-3.58777	-4.03836	
9	-1.29977	-1.73817	-2.17661	-2.61507	-3.05352	-3.49198	-3.93044	
9.25	-1.26641	-1.6933	-2.12023	-2.54717	-2.97411	-3.40106	-3.828	
9.5	-1.23466	-1.65063	-2.06663	-2.48263	-2.89863	-3.31464	-3.73064	
9.75	-1.20443	-1.61	-2.0156	-2.4212	-2.82681	-3.23241	-3.63802	
10	-1.1756	-1.57128	-1.96698	-2.36268	-2.75839	-3.15409	-3.54979	
10.25	-1.14809	-1.53434	-1.9206	-2.30687	-2.69314	-3.0794	-3.46567	
10.5	-1.12181	-1.49906	-1.87632	-2.25358	-2.63085	-3.00811	-3.38538	
10.75	-1.09668	-1.46533	-1.83399	-2.20266	-2.57133	-2.93999	-3.30866	
11	-1.07262	-1.43306	-1.7935	-2.15395	-2.5144	-2.87484	-3.23529	
11.25	-1.04958	-1.40215	-1.75473	-2.10732	-2.4599	-2.81248	-3.16506	
11.5	-1.02749	-1.37253	-1.71758	-2.06263	-2.40768	-2.75272	-3.09777	
11.75	-1.0063	-1.34412	-1.68194	-2.01977	-2.3576	-2.69542	-3.03325	
12	-0.985944	-1.31684	-1.64774	-1.97863	-2.30953	-2.64043	-2.97133	
12.25	-0.966385	-1.29063	-1.61487	-1.93912	-2.26337	-2.58761	-2.91186	
12.5	-0.947575	-1.26543	-1.58328	-1.90113	-2.21899	-2.53684	-2.8547	
12.75	-0.929473	-1.24118	-1.55288	-1.86459	-2.1763	-2.488	-2.79971	
13	-0.91204	-1.21783	-1.52362	-1.82941	-2.1352	-2.44099	-2.74678	
13.25	-0.89524	-1.19533	-1.49543	-1.79552	-2.09561	-2.39571	-2.6958	
13.5	-0.87904	-1.17364	-1.46825	-1.76285	-2.05745	-2.35206	-2.64666	
13.75	-0.863409	-1.15272	-1.44203	-1.73134	-2.02065	-2.30995	-2.59926	
14	-0.848318	-1.13252	-1.41672	-1.70092	-1.98512	-2.26932	-2.55352	
14.25	-0.833739	-1.11301	-1.39227	-1.67154	-1.95081	-2.23008	-2.50935	
14.5	-0.819648	-1.09415	-1.36865	-1.64316	-1.91766	-2.19216	-2.46667	
14.75	-0.80602	-1.07592	-1.34581	-1.61571	-1.88561	-2.1555	-2.4254	
15	-0.792833	-1.05827	-1.32372	-1.58916	-1.8546	-2.12004	-2.38548	
15.25	-0.780066	-1.0412	-1.30233	-1.56346	-1.82459	-2.08572	-2.34685	
15.5	-0.767701	-1.02466	-1.28161	-1.53857	-1.79553	-2.05248	-2.30944	
15.75	-0.755718	-1.00863	-1.26154	-1.51446	-1.76737	-2.02028	-2.2732	
16	-0.7441	-0.993094	-1.24209	-1.49108	-1.74008	-1.98907	-2.23807	
16.25	-0.732831	-0.978025	-1.22322	-1.46842	-1.71361	-1.95881	-2.204	
16.5	-0.721895	-0.963404	-1.20491	-1.44642	-1.68793	-1.92944	-2.17095	
16.75	-0.711278	-0.94921	-1.18714	-1.42507	-1.66301	-1.90094	-2.13887	
17	-0.700967	-0.935426	-1.16988	-1.40434	-1.6388	-1.87326	-2.10772	
17.25	-0.690948	-0.922033	-1.15312	-1.3842	-1.61529	-1.84637	-2.07746	
17.5	-0.68121	-0.909016	-1.13682	-1.36463	-1.59244	-1.82024	-2.04805	
17.75	-0.67174	-0.89636	-1.12098	-1.3456	-1.57022	-1.79484	-2.01946	
18	-0.662529	-0.884049	-1.10557	-1.32709	-1.54861	-1.77013	-1.99165	
18.25	-0.653565	-0.87207	-1.09057	-1.30908	-1.52759	-1.74609	-1.9646	
18.5	-0.644838	-0.860409	-1.07598	-1.29155	-1.50712	-1.72269	-1.93826	
18.75	-0.63634	-0.849054	-1.06177	-1.27448	-1.48719	-1.69991	-1.91262	
19	-0.628062	-0.837993	-1.04792	-1.25786	-1.46779	-1.67772	-1.88765	
19.25	-0.619996	-0.827216	-1.03444	-1.24166	-1.44888	-1.6561	-1.86332	
19.5	-0.612133	-0.816711	-1.02129	-1.22587	-1.43044	-1.63502	-1.8396	
19.75	-0.604465	-0.806468	-1.00847	-1.21047	-1.41247	-1.61448	-1.81648	
20	-0.596986	-0.796477	-0.995968	-1.19546	-1.39495	-1.59444	-1.79393	
20.25	-0.58969	-0.78673	-0.98377	-1.18081	-1.37785	-1.57489	-1.77193	
20.5	-0.582568	-0.777217	-0.971867	-1.16652	-1.36117	-1.55581	-1.75046	
20.75	-0.575616	-0.767931	-0.960247	-1.15256	-1.34488	-1.53719	-1.72951	
21	-0.568826	-0.758863	-0.9489	-1.13894	-1.32897	-1.51901	-1.70905	
21.25	-0.562195	-0.750006	-0.937818	-1.12563	-1.31344	-1.50125	-1.68906	
21.5	-0.555715	-0.741353	-0.92699	-1.11263	-1.29827	-1.4839	-1.66954	
21.75	-0.549383	-0.732896	-0.916409	-1.09992	-1.28344	-1.46695	-1.65046	
22	-0.543192	-0.724629	-0.906066	-1.0875	-1.26894	-1.45038	-1.63181	
22.25	-0.537139	-0.716546	-0.895952	-1.07536	-1.25477	-1.43417	-1.61358	
22.5	-0.531219	-0.70864	-0.886062	-1.06348	-1.2409	-1.41833	-1.59575	
22.75	-0.525427	-0.700907	-0.876386	-1.05187	-1.22735	-1.40282	-1.5783	
23	-0.51976	-0.693339	-0.866919	-1.0405	-1.21408	-1.38766	-1.56124	
23.25	-0.514213	-0.685933	-0.857654	-1.02937	-1.20109	-1.37281	-1.54453	
23.5	-0.508783	-0.678683	-0.848584	-1.01848	-1.18838	-1.35828	-1.52819	
23.75	-0.503466	-0.671584	-0.839703	-1.00782	-1.17594	-1.34406	-1.51218	
24	-0.498258	-0.664632	-0.831005	-0.997379	-1.16375	-1.33013	-1.4965	
24.25	-0.493157	-0.657822	-0.822486	-0.98715	-1.15181	-1.31648	-1.48114	
24.5	-0.488159	-0.651149	-0.814139	-0.977129	-1.14012	-1.30311	-1.4661	
24.75	-0.483261	-0.64461	-0.805959	-0.967308	-1.12866	-1.29001	-1.45136	
25	-0.47846	-0.6382	-0.797941	-0.957682	-1.11742	-1.27716	-1.43691	
25.25	-0.473752	-0.631917	-0.790081	-0.948246	-1.10641	-1.26457	-1.42274	
25.5	-0.469137	-0.625756	-0.782374	-0.938993	-1.09561	-1.25223	-1.40885	
25.75	-0.46461	-0.619713	-0.774816	-0.929919	-1.08502	-1.24012	-1.39523	
26	-0.460169	-0.613785	-0.767401	-0.921017	-1.07463	-1.22825	-1.38187	
26.25	-0.455813	-0.60797	-0.760127	-0.912285	-1.06444	-1.2166	-1.36876	
26.5	-0.451537	-0.602263	-0.752989	-0.903716	-1.05444	-1.20517	-1.35589	
26.75	-0.447341	-0.596663	-0.745984	-0.895306	-1.04463	-1.19395	-1.34327	
27	-0.443222	-0.591165	-0.739108	-0.887051	-1.03499	-1.18294	-1.33088	
27.25	-0.439178	-0.585767	-0.732357	-0.878946	-1.02554	-1.17212	-1.31871	
27.5	-0.435207	-0.580467	-0.725727	-0.870988	-1.01625	-1.16151	-1.30677	
27.75	-0.431307	-0.575262	-0.719217	-0.863172	-1.00713	-1.15108	-1.29504	
28	-0.427476	-0.570149	-0.712822	-0.855495	-0.998168	-1.14084	-1.28351	
28.25	-0.423712	-0.565126	-0.706539	-0.847953	-0.989367	-1.13078	-1.27219	
28.5	-0.420014	-0.56019	-0.700367	-0.840543	-0.980719	-1.1209	-1.26107	
28.75	-0.416379	-0.55534	-0.6943	-0.833261	-0.972221	-1.11118	-1.25014	
29	-0.412807	-0.550572	-0.688338	-0.826104	-0.963869	-1.10163	-1.2394	
29.25	-0.409295	-0.545886	-0.682477	-0.819068	-0.955659	-1.09225	-1.22884	
29.5	-0.405843	-0.541279	-0.676715	-0.812151	-0.947587	-1.08302	-1.21846	
29.75	-0.402448	-0.536749	-0.671049	-0.80535	-0.93965	-1.07395	-1.20825	
30	-0.399109	-0.532293	-0.665477	-0.798661	-0.931845	-1.06503	-1.19821	
30.25	-0.395825	-0.527911	-0.659997	-0.792083	-0.924168	-1.05625	-1.18834	
30.5	-0.392595	-0.523601	-0.654606	-0.785611	-0.916617	-1.04762	-1.17863	
30.75	-0.389417	-0.51936	-0.649302	-0.779245	-0.909187	-1.03913	-1.16907	
31	-0.38629	-0.515187	-0.644084	-0.77298	-0.901877	-1.03077	-1.15967	
31.25	-0.383212	-0.51108	-0.638948	-0.766816	-0.894684	-1.02255	-1.15042	
31.5	-0.380183	-0.507038	-0.633893	-0.760749	-0.887604	-1.01446	-1.14131	
31.75	-0.377202	-0.50306	-0.628918	-0.754777	-0.880635	-1.00649	-1.13235	
32	-0.374266	-0.499143	-0.62402	-0.748897	-0.873774	-0.998651	-1.12353	
32.25	-0.371376	-0.495287	-0.619198	-0.743109	-0.86702	-0.990931	-1.11484	
32.5	-0.36853	-0.49149	-0.61445	-0.737409	-0.860369	-0.983328	-1.10629	
32.75	-0.365728	-0.487751	-0.609773	-0.731796	-0.853819	-0.975841	-1.09786	
33	-0.362967	-0.484067	-0.605168	-0.726268	-0.847368	-0.968468	-1.08957	
33.25	-0.360248	-0.480439	-0.600631	-0.720822	-0.841013	-0.961204	-1.0814	
33.5	-0.35757	-0.476865	-0.596161	-0.715457	-0.834753	-0.954049	-1.07334	
33.75	-0.35493	-0.473344	-0.591758	-0.710172	-0.828585	-0.946999	-1.06541	
34	-0.35233	-0.469874	-0.587419	-0.704963	-0.822508	-0.940053	-1.0576	
34.25	-0.349767	-0.466455	-0.583143	-0.699831	-0.816519	-0.933207	-1.0499	
34.5	-0.347241	-0.463085	-0.578929	-0.694773	-0.810617	-0.926461	-1.0423	
34.75	-0.344751	-0.459763	-0.574775	-0.689787	-0.804799	-0.919811	-1.03482	
35	-0.342297	-0.456488	-0.57068	-0.684872	-0.799064	-0.913256	-1.02745	
35.25	-0.339877	-0.45326	-0.566643	-0.680027	-0.79341	-0.906793	-1.02018	
35.5	-0.337491	-0.450077	-0.562663	-0.675249	-0.787835	-0.900422	-1.01301	
35.75	-0.335138	-0.446938	-0.558738	-0.670538	-0.782339	-0.894139	-1.00594	
36	-0.332818	-0.443843	-0.554868	-0.665893	-0.776918	-0.887943	-0.998967	
36.25	-0.33053	-0.44079	-0.551051	-0.661311	-0.771571	-0.881832	-0.992092	
36.5	-0.328273	-0.437779	-0.547286	-0.656792	-0.766298	-0.875804	-0.985311	
36.75	-0.326046	-0.434809	-0.543571	-0.652334	-0.761096	-0.869859	-0.978621	
37	-0.32385	-0.431879	-0.539907	-0.647936	-0.755965	-0.863993	-0.972022	
37.25	-0.321683	-0.428987	-0.536292	-0.643597	-0.750902	-0.858206	-0.965511	
37.5	-0.319544	-0.426135	-0.532725	-0.639316	-0.745906	-0.852496	-0.959087	
37.75	-0.317434	-0.42332	-0.529205	-0.635091	-0.740976	-0.846862	-0.952747	
38	-0.315352	-0.420541	-0.525731	-0.630921	-0.736111	-0.841301	-0.946491	
38.25	-0.313296	-0.417799	-0.522303	-0.626806	-0.731309	-0.835813	-0.940316	
38.5	-0.311267	-0.415093	-0.518919	-0.622744	-0.72657	-0.830396	-0.934221	
38.75	-0.309264	-0.412421	-0.515578	-0.618735	-0.721891	-0.825048	-0.928205	
39	-0.307287	-0.409784	-0.51228	-0.614776	-0.717273	-0.819769	-0.922265	
39.25	-0.305335	-0.407179	-0.509024	-0.610868	-0.712713	-0.814557	-0.916401	
39.5	-0.303408	-0.404608	-0.505809	-0.607009	-0.70821	-0.809411	-0.910611	
39.75	-0.301504	-0.402069	-0.502634	-0.603199	-0.703764	-0.804329	-0.904894	
40	-0.299625	-0.399562	-0.499499	-0.599436	-0.699373	-0.799311	-0.899248	
40.25	-0.297768	-0.397085	-0.496403	-0.59572	-0.695037	-0.794354	-0.893672	
40.5	-0.295935	-0.39464	-0.493344	-0.592049	-0.690754	-0.789459	-0.888164	
40.75	-0.294123	-0.392224	-0.490324	-0.588424	-0.686524	-0.784624	-0.882724	
41	-0.292334	-0.389837	-0.48734	-0.584842	-0.682345	-0.779848	-0.87735	
41.25	-0.290567	-0.387479	-0.484392	-0.581304	-0.678217	-0.775129	-0.872042	
41.5	-0.28882	-0.38515	-0.481479	-0.577808	-0.674138	-0.770467	-0.866796	
41.75	-0.287095	-0.382848	-0.478601	-0.574355	-0.670108	-0.765861	-0.861614	
42	-0.28539	-0.380574	-0.475758	-0.570942	-0.666126	-0.761309	-0.856493	
42.25	-0.283705	-0.378326	-0.472948	-0.567569	-0.66219	-0.756812	-0.851433	
42.5	-0.28204	-0.376105	-0.470171	-0.564236	-0.658301	-0.752367	-0.846432	
42.75	-0.280394	-0.37391	-0.467426	-0.560942	-0.654458	-0.747973	-0.841489	
43	-0.278768	-0.37174	-0.464713	-0.557686	-0.650659	-0.743631	-0.836604	
43.25	-0.27716	-0.369596	-0.462032	-0.554467	-0.646903	-0.739339	-0.831775	
43.5	-0.27557	-0.367475	-0.459381	-0.551286	-0.643191	-0.735096	-0.827002	
43.75	-0.273999	-0.365379	-0.45676	-0.548141	-0.639521	-0.730902	-0.822283	
44	-0.272445	-0.363307	-0.454169	-0.545031	-0.635893	-0.726755	-0.817617	
44.25	-0.270909	-0.361258	-0.451607	-0.541957	-0.632306	-0.722655	-0.813004	
44.5	-0.26939	-0.359232	-0.449074	-0.538917	-0.628759	-0.718601	-0.808443	
44.75	-0.267888	-0.357229	-0.44657	-0.53591	-0.625251	-0.714592	-0.803932	
45	-0.266403	-0.355248	-0.444093	-0.532938	-0.621782	-0.710627	-0.799472	
45.25	-0.264934	-0.353289	-0.441643	-0.529997	-0.618352	-0.706706	-0.795061	
45.5	-0.263481	-0.351351	-0.43922	-0.52709	-0.614959	-0.702829	-0.790698	
45.75	-0.262044	-0.349434	-0.436824	-0.524214	-0.611603	-0.698993	-0.786383	
46	-0.260623	-0.347538	-0.434453	-0.521369	-0.608284	-0.695199	-0.782114	
46.25	-0.259217	-0.345663	-0.432108	-0.518554	-0.605	-0.691446	-0.777892	
46.5	-0.257826	-0.343807	-0.429789	-0.51577	-0.601752	-0.687734	-0.773715	
46.75	-0.256449	-0.341972	-0.427494	-0.513016	-0.598538	-0.68406	-0.769583	
47	-0.255088	-0.340156	-0.425223	-0.510291	-0.595359	-0.680426	-0.765494	
47.25	-0.253741	-0.338359	-0.422977	-0.507595	-0.592213	-0.676831	-0.761449	
47.5	-0.252407	-0.336581	-0.420754	-0.504927	-0.5891	-0.673273	-0.757446	
47.75	-0.251088	-0.334821	-0.418554	-0.502287	-0.586019	-0.669752	-0.753485	
48	-0.249783	-0.33308	-0.416377	-0.499674	-0.582971	-0.666268	-0.749565	
48.25	-0.248491	-0.331357	-0.414222	-0.497088	-0.579954	-0.66282	-0.745686	
48.5	-0.247212	-0.329651	-0.41209	-0.494529	-0.576968	-0.659407	-0.741846	
48.75	-0.245947	-0.327963	-0.40998	-0.491996	-0.574013	-0.65603	-0.738046	
49	-0.244694	-0.326292	-0.407891	-0.489489	-0.571088	-0.652687	-0.734285	
49.25	-0.243454	-0.324638	-0.405823	-0.487008	-0.568193	-0.649377	-0.730562	
49.5	-0.242226	-0.323001	-0.403776	-0.484551	-0.565326	-0.646101	-0.726876	
49.75	-0.241011	-0.32138	-0.40175	-0.482119	-0.562489	-0.642858	-0.723228	
50	-0.239808	-0.319776	-0.399744	-0.479712	-0.559679	-0.639647	-0.719615	
