   5.00000000000000e-01   1.35823233368165e-01   1.93913908854028e-01
   5.31062124248497e-01   1.37185835404418e-01   1.93055517908911e-01
   5.62124248496994e-01   1.38527847435666e-01   1.92174922080854e-01
   5.93186372745491e-01   1.39850661375882e-01   1.91273670015967e-01
   6.24248496993988e-01   1.41155506124431e-01   1.90353195002070e-01
   6.55310621242485e-01   1.42443472304154e-01   1.89414831146881e-01
   6.86372745490982e-01   1.43715532460291e-01   1.88459825648058e-01
   7.17434869739479e-01   1.44972557672398e-01   1.87489348405373e-01
   7.48496993987976e-01   1.46215331312224e-01   1.86504499763206e-01
   7.79559118236473e-01   1.47444560515471e-01   1.85506316907307e-01
   8.10621242484970e-01   1.48660885809655e-01   1.84495779259557e-01
   8.41683366733467e-01   1.49864889244965e-01   1.83473813107878e-01
   8.72745490981964e-01   1.51057101301876e-01   1.82441295633860e-01
   9.03807615230461e-01   1.52238006792585e-01   1.81399058462603e-01
   9.34869739478958e-01   1.53408049929987e-01   1.80347890810646e-01
   9.65931863727455e-01   1.54567638703598e-01   1.79288542307562e-01
   9.96993987975952e-01   1.55717148675293e-01   1.78221725536754e-01
   1.02805611222445e+00   1.56856926286604e-01   1.77148118336959e-01
   1.05911823647295e+00   1.57987291752745e-01   1.76068365893732e-01
   1.09018036072144e+00   1.59108541605054e-01   1.74983082650867e-01
   1.12124248496994e+00   1.60220950933092e-01   1.73892854063396e-01
   1.15230460921844e+00   1.61324775368946e-01   1.72798238205336e-01
   1.18336673346693e+00   1.62420252849055e-01   1.71699767257571e-01
   1.21442885771543e+00   1.63507605183788e-01   1.70597948877588e-01
   1.24549098196393e+00   1.64587039459623e-01   1.69493267471707e-01
   1.27655310621242e+00   1.65658749295538e-01   1.68386185375855e-01
   1.30761523046092e+00   1.66722915971566e-01   1.67277143955185e-01
   1.33867735470942e+00   1.67779709445298e-01   1.66166564628351e-01
   1.36973947895792e+00   1.68829289269473e-01   1.65054849824277e-01
   1.40080160320641e+00   1.69871805422155e-01   1.63942383878712e-01
   1.43186372745491e+00   1.70907399059542e-01   1.62829533874687e-01
   1.46292585170341e+00   1.71936203199873e-01   1.61716650429429e-01
   1.49398797595190e+00   1.72958343345953e-01   1.60604068437468e-01
   1.52505010020040e+00   1.73973938052844e-01   1.59492107767338e-01
   1.55611222444890e+00   1.74983099446499e-01   1.58381073921243e-01
   1.58717434869739e+00   1.75985933698111e-01   1.57271258655645e-01
   1.61823647294589e+00   1.76982541458991e-01   1.56162940569665e-01
   1.64929859719439e+00   1.77973018259458e-01   1.55056385659914e-01
   1.68036072144289e+00   1.78957454875505e-01   1.53951847848908e-01
   1.71142284569138e+00   1.79935937666054e-01   1.52849569483008e-01
   1.74248496993988e+00   1.80908548883756e-01   1.51749781807888e-01
   1.77354709418838e+00   1.81875366961555e-01   1.50652705419247e-01
   1.80460921843687e+00   1.82836466777244e-01   1.49558550691440e-01
   1.83567134268537e+00   1.83791919898079e-01   1.48467518184837e-01
   1.86673346693387e+00   1.84741794806970e-01   1.47379799035741e-01
   1.89779559118236e+00   1.85686157111925e-01   1.46295575328241e-01
   1.92885771543086e+00   1.86625069740181e-01   1.45215020445237e-01
   1.95991983967936e+00   1.87558593118219e-01   1.44138299409159e-01
   1.99098196392786e+00   1.88486785338867e-01   1.43065569203266e-01
   2.02204408817635e+00   1.89409702316454e-01   1.41996979081514e-01
   2.05310621242485e+00   1.90327397931009e-01   1.40932670863725e-01
   2.08416833667335e+00   1.91239924162405e-01   1.39872779217735e-01
   2.11523046092184e+00   1.92147331215042e-01   1.38817431932408e-01
   2.14629258517034e+00   1.93049667634076e-01   1.37766750175428e-01
   2.17735470941884e+00   1.93946980413497e-01   1.36720848743235e-01
   2.20841683366733e+00   1.94839315096906e-01   1.35679836300383e-01
   2.23947895791583e+00   1.95726715871414e-01   1.34643815609031e-01
   2.27054108216433e+00   1.96609225655214e-01   1.33612883748476e-01
   2.30160320641283e+00   1.97486886179180e-01   1.32587132327607e-01
   2.33266533066132e+00   1.98359738063040e-01   1.31566647688533e-01
   2.36372745490982e+00   1.99227820886444e-01   1.30551511101742e-01
   2.39478957915832e+00   2.00091173255207e-01   1.29541798954667e-01
   2.42585170340681e+00   2.00949832863234e-01   1.28537582932772e-01
   2.45691382765531e+00   2.01803836550236e-01   1.27538930193372e-01
   2.48797595190381e+00   2.02653220355662e-01   1.26545903534171e-01
   2.51903807615230e+00   2.03498019568993e-01   1.25558561554974e-01
   2.55010020040080e+00   2.04338268776701e-01   1.24576958812280e-01
   2.58116232464930e+00   2.05174001906123e-01   1.23601145970731e-01
   2.61222444889780e+00   2.06005252266304e-01   1.22631169946969e-01
   2.64328657314629e+00   2.06832052586224e-01   1.21667074049416e-01
   2.67434869739479e+00   2.07654435050412e-01   1.20708898112570e-01
   2.70541082164329e+00   2.08472431332151e-01   1.19756678626788e-01
   2.73647294589178e+00   2.09286072624501e-01   1.18810448863691e-01
   2.76753507014028e+00   2.10095389669124e-01   1.17870238996277e-01
   2.79859719438878e+00   2.10900412783301e-01   1.16936076216530e-01
   2.82965931863727e+00   2.11701171884935e-01   1.16007984846412e-01
   2.86072144288577e+00   2.12497696515980e-01   1.15085986448288e-01
   2.89178356713427e+00   2.13290015864136e-01   1.14170099928292e-01
   2.92284569138277e+00   2.14078158783154e-01   1.13260341638109e-01
   2.95390781563126e+00   2.14862153811605e-01   1.12356725473254e-01
   2.98496993987976e+00   2.15642029190410e-01   1.11459262966598e-01
   3.01603206412826e+00   2.16417812879061e-01   1.10567963380782e-01
   3.04709418837675e+00   2.17189532570710e-01   1.09682833795027e-01
   3.07815631262525e+00   2.17957215706178e-01   1.08803879191601e-01
   3.10921843687375e+00   2.18720889486892e-01   1.07931102537510e-01
   3.14028056112224e+00   2.19480580886893e-01   1.07064504863833e-01
   3.17134268537074e+00   2.20236316663958e-01   1.06204085343264e-01
   3.20240480961924e+00   2.20988123369835e-01   1.05349841363735e-01
   3.23346693386774e+00   2.21736027359714e-01   1.04501768600603e-01
   3.26452905811623e+00   2.22480054800985e-01   1.03659861086295e-01
   3.29559118236473e+00   2.23220231681252e-01   1.02824111277018e-01
   3.32665330661323e+00   2.23956583815727e-01   1.01994510117226e-01
   3.35771543086172e+00   2.24689136854023e-01   1.01171047103422e-01
   3.38877755511022e+00   2.25417916286366e-01   1.00353710343719e-01
   3.41983967935872e+00   2.26142947449285e-01   9.95424866170691e-02
   3.45090180360721e+00   2.26864255530795e-01   9.87373614296997e-02
   3.48196392785571e+00   2.27581865575152e-01   9.79383190697121e-02
   3.51302605210421e+00   2.28295802487136e-01   9.71453426600581e-02
   3.54408817635271e+00   2.29006091035959e-01   9.63584142100704e-02
   3.57515030060120e+00   2.29712755858769e-01   9.55775146643721e-02
   3.60621242484970e+00   2.30415821463858e-01   9.48026239510634e-02
   3.63727454909820e+00   2.31115312233451e-01   9.40337210279014e-02
   3.66833667334669e+00   2.31811252426339e-01   9.32707839266716e-02
   3.69939879759519e+00   2.32503666180080e-01   9.25137897964563e-02
   3.73046092184369e+00   2.33192577513009e-01   9.17627149461525e-02
   3.76152304609218e+00   2.33878010326045e-01   9.10175348832227e-02
   3.79258517034068e+00   2.34559988404179e-01   9.02782243540769e-02
   3.82364729458918e+00   2.35238535417857e-01   8.95447573810924e-02
   3.85470941883768e+00   2.35913674924067e-01   8.88171072991569e-02
   3.88577154308617e+00   2.36585430367374e-01   8.80952467906328e-02
   3.91683366733467e+00   2.37253825080678e-01   8.73791479196697e-02
   3.94789579158317e+00   2.37918882285866e-01   8.66687821647605e-02
   3.97895791583166e+00   2.38580625094381e-01   8.59641204503458e-02
   4.01002004008016e+00   2.39239076507571e-01   8.52651331777318e-02
   4.04108216432866e+00   2.39894259416985e-01   8.45717902545515e-02
   4.07214428857715e+00   2.40546196604566e-01   8.38840611230465e-02
   4.10320641282565e+00   2.41194910742717e-01   8.32019147879774e-02
   4.13426853707415e+00   2.41840424394299e-01   8.25253198433498e-02
   4.16533066132265e+00   2.42482760012579e-01   8.18542444975759e-02
   4.19639278557114e+00   2.43121939941056e-01   8.11886565983444e-02
   4.22745490981964e+00   2.43757986413288e-01   8.05285236574458e-02
   4.25851703406814e+00   2.44390921552585e-01   7.98738128726650e-02
   4.28957915831663e+00   2.45020767371747e-01   7.92244911507385e-02
   4.32064128256513e+00   2.45647545772687e-01   7.85805251287730e-02
   4.35170340681363e+00   2.46271278546062e-01   7.79418811948065e-02
   4.38276553106212e+00   2.46891987370835e-01   7.73085255081033e-02
   4.41382765531062e+00   2.47509693813857e-01   7.66804240179174e-02
   4.44488977955912e+00   2.48124419329390e-01   7.60575424826275e-02
   4.47595190380762e+00   2.48736185258637e-01   7.54398464873869e-02
   4.50701402805611e+00   2.49345012829225e-01   7.48273014612807e-02
   4.53807615230461e+00   2.49950923154739e-01   7.42198726943215e-02
   4.56913827655311e+00   2.50553937234199e-01   7.36175253527106e-02
   4.60020040080160e+00   2.51154075951510e-01   7.30202244953808e-02
   4.63126252505010e+00   2.51751360075032e-01   7.24279350878950e-02
   4.66232464929860e+00   2.52345810256997e-01   7.18406220172311e-02
   4.69338677354709e+00   2.52937447033057e-01   7.12582501054167e-02
   4.72444889779559e+00   2.53526290821748e-01   7.06807841225339e-02
   4.75551102204409e+00   2.54112361924043e-01   7.01081887999206e-02
   4.78657314629258e+00   2.54695680522844e-01   6.95404288421727e-02
   4.81763527054108e+00   2.55276266682546e-01   6.89774689385302e-02
   4.84869739478958e+00   2.55854140348578e-01   6.84192737751844e-02
   4.87975951903808e+00   2.56429321346979e-01   6.78658080450047e-02
   4.91082164328657e+00   2.57001829383985e-01   6.73170364587710e-02
   4.94188376753507e+00   2.57571684045636e-01   6.67729237547866e-02
   4.97294589178357e+00   2.58138904797394e-01   6.62334347086363e-02
   5.00400801603206e+00   2.58703510983794e-01   6.56985341426239e-02
   5.03507014028056e+00   2.59265521828117e-01   6.51681869341427e-02
   5.06613226452906e+00   2.59824956432073e-01   6.46423580246275e-02
   5.09719438877756e+00   2.60381833775509e-01   6.41210124273840e-02
   5.12825651302605e+00   2.60936172716165e-01   6.36041152354441e-02
   5.15931863727455e+00   2.61487991989398e-01   6.30916316290858e-02
   5.19038076152305e+00   2.62037310207983e-01   6.25835268831255e-02
   5.22144288577154e+00   2.62584145861939e-01   6.20797663731809e-02
   5.25250501002004e+00   2.63128517318329e-01   6.15803155828825e-02
   5.28356713426854e+00   2.63670442821119e-01   6.10851401096676e-02
   5.31462925851703e+00   2.64209940491067e-01   6.05942056708137e-02
   5.34569138276553e+00   2.64747028325638e-01   6.01074781092145e-02
   5.37675350701403e+00   2.65281724198900e-01   5.96249233987129e-02
   5.40781563126253e+00   2.65814045861497e-01   5.91465076492600e-02
   5.43887775551102e+00   2.66344010940636e-01   5.86721971120110e-02
   5.46993987975952e+00   2.66871636940069e-01   5.82019581835653e-02
   5.50100200400802e+00   2.67396941240123e-01   5.77357574109475e-02
   5.53206412825651e+00   2.67919941097743e-01   5.72735614952461e-02
   5.56312625250501e+00   2.68440653646592e-01   5.68153372963232e-02
   5.59418837675351e+00   2.68959095897103e-01   5.63610518360853e-02
   5.62525050100200e+00   2.69475284736634e-01   5.59106723021111e-02
   5.65631262525050e+00   2.69989236929586e-01   5.54641660513767e-02
   5.68737474949900e+00   2.70500969117581e-01   5.50215006130964e-02
   5.71843687374750e+00   2.71010497819621e-01   5.45826436920555e-02
   5.74949899799599e+00   2.71517839432326e-01   5.41475631712572e-02
   5.78056112224449e+00   2.72023010230142e-01   5.37162271146950e-02
   5.81162324649299e+00   2.72526026365574e-01   5.32886037700676e-02
   5.84268537074148e+00   2.73026903869490e-01   5.28646615707562e-02
   5.87374749498998e+00   2.73525658651375e-01   5.24443691383723e-02
   5.90480961923848e+00   2.74022306499657e-01   5.20276952847402e-02
   5.93587174348697e+00   2.74516863082011e-01   5.16146090136045e-02
   5.96693386773547e+00   2.75009343945717e-01   5.12050795228553e-02
   5.99799599198397e+00   2.75499764518019e-01   5.07990762057891e-02
   6.02905811623246e+00   2.75988140106488e-01   5.03965686528896e-02
   6.06012024048096e+00   2.76474485899443e-01   4.99975266530161e-02
   6.09118236472946e+00   2.76958816966333e-01   4.96019201951014e-02
   6.12224448897796e+00   2.77441148258180e-01   4.92097194686824e-02
   6.15330661322645e+00   2.77921494608011e-01   4.88208948657045e-02
   6.18436873747495e+00   2.78399870731330e-01   4.84354169808381e-02
   6.21543086172345e+00   2.78876291226569e-01   4.80532566127913e-02
   6.24649298597194e+00   2.79350770575589e-01   4.76743847647887e-02
   6.27755511022044e+00   2.79823323144160e-01   4.72987726454631e-02
   6.30861723446894e+00   2.80293963182494e-01   4.69263916691987e-02
   6.33967935871743e+00   2.80762704825753e-01   4.65572134567992e-02
   6.37074148296593e+00   2.81229562094582e-01   4.61912098358985e-02
   6.40180360721443e+00   2.81694548895678e-01   4.58283528410952e-02
   6.43286573146293e+00   2.82157679022314e-01   4.54686147143248e-02
   6.46392785571142e+00   2.82618966154934e-01   4.51119679051305e-02
   6.49498997995992e+00   2.83078423861734e-01   4.47583850705104e-02
   6.52605210420842e+00   2.83536065599219e-01   4.44078390752377e-02
   6.55711422845691e+00   2.83991904712838e-01   4.40603029915421e-02
   6.58817635270541e+00   2.84445954437570e-01   4.37157500991772e-02
   6.61923847695391e+00   2.84898227898535e-01   4.33741538853058e-02
   6.65030060120240e+00   2.85348738111645e-01   4.30354880439580e-02
   6.68136272545090e+00   2.85797497984197e-01   4.26997264762242e-02
   6.71242484969940e+00   2.86244520315547e-01   4.23668432896564e-02
   6.74348697394790e+00   2.86689817797717e-01   4.20368127977450e-02
   6.77454909819639e+00   2.87133403016080e-01   4.17096095198093e-02
   6.80561122244489e+00   2.87575288450012e-01   4.13852081802142e-02
   6.83667334669339e+00   2.88015486473532e-01   4.10635837080953e-02
   6.86773547094188e+00   2.88454009356007e-01   4.07447112366710e-02
   6.89879759519038e+00   2.88890869262774e-01   4.04285661025911e-02
   6.92985971943888e+00   2.89326078255883e-01   4.01151238453377e-02
   6.96092184368737e+00   2.89759648294731e-01   3.98043602064864e-02
   6.99198396793587e+00   2.90191591236766e-01   3.94962511291654e-02
   7.02304609218437e+00   2.90621918838179e-01   3.91907727569946e-02
   7.05410821643287e+00   2.91050642754592e-01   3.88879014335361e-02
   7.08517034068136e+00   2.91477774541760e-01   3.85876137013355e-02
   7.11623246492986e+00   2.91903325656280e-01   3.82898863011663e-02
   7.14729458917836e+00   2.92327307456261e-01   3.79946961710464e-02
   7.17835671342685e+00   2.92749731202063e-01   3.77020204453344e-02
   7.20941883767535e+00   2.93170608056991e-01   3.74118364540037e-02
   7.24048096192385e+00   2.93589949088007e-01   3.71241217213096e-02
   7.27154308617234e+00   2.94007765266414e-01   3.68388539652337e-02
   7.30260521042084e+00   2.94424067468616e-01   3.65560110960472e-02
   7.33366733466934e+00   2.94838866476789e-01   3.62755712155980e-02
   7.36472945891784e+00   2.95252172979612e-01   3.59975126162118e-02
   7.39579158316633e+00   2.95663997572975e-01   3.57218137795334e-02
   7.42685370741483e+00   2.96074350760686e-01   3.54484533754625e-02
   7.45791583166333e+00   2.96483242955197e-01   3.51774102611592e-02
   7.48897795591182e+00   2.96890684478318e-01   3.49086634799200e-02
   7.52004008016032e+00   2.97296685561902e-01   3.46421922598118e-02
   7.55110220440882e+00   2.97701256348604e-01   3.43779760128819e-02
   7.58216432865731e+00   2.98104406892548e-01   3.41159943338925e-02
   7.61322645290581e+00   2.98506147160067e-01   3.38562269989497e-02
   7.64428857715431e+00   2.98906487030395e-01   3.35986539646374e-02
   7.67535070140281e+00   2.99305436296396e-01   3.33432553665854e-02
   7.70641282565130e+00   2.99703004665241e-01   3.30900115185285e-02
   7.73747494989980e+00   3.00099201759131e-01   3.28389029108458e-02
   7.76853707414830e+00   3.00494037116014e-01   3.25899102095588e-02
   7.79959919839679e+00   3.00887520190259e-01   3.23430142548993e-02
   7.83066132264529e+00   3.01279660353380e-01   3.20981960604131e-02
   7.86172344689379e+00   3.01670466894702e-01   3.18554368114067e-02
   7.89278557114228e+00   3.02059949022095e-01   3.16147178638986e-02
   7.92384769539078e+00   3.02448115862635e-01   3.13760207432865e-02
   7.95490981963928e+00   3.02834976463316e-01   3.11393271432856e-02
   7.98597194388778e+00   3.03220539791726e-01   3.09046189243798e-02
   8.01703406813627e+00   3.03604814736726e-01   3.06718781130191e-02
   8.04809619238477e+00   3.03987810109146e-01   3.04410868997963e-02
   8.07915831663327e+00   3.04369534642463e-01   3.02122276387613e-02
   8.11022044088176e+00   3.04749996993456e-01   2.99852828458089e-02
   8.14128256513026e+00   3.05129205742912e-01   2.97602351975445e-02
   8.17234468937876e+00   3.05507169396259e-01   2.95370675301018e-02
   8.20340681362725e+00   3.05883896384270e-01   2.93157628377536e-02
   8.23446893787575e+00   3.06259395063689e-01   2.90963042717457e-02
   8.26553106212425e+00   3.06633673717914e-01   2.88786751390185e-02
   8.29659318637275e+00   3.07006740557644e-01   2.86628589010243e-02
   8.32765531062124e+00   3.07378603721529e-01   2.84488391724168e-02
   8.35871743486974e+00   3.07749271276832e-01   2.82365997197483e-02
   8.38977955911824e+00   3.08118751220047e-01   2.80261244603027e-02
   8.42084168336673e+00   3.08487051477567e-01   2.78173974609410e-02
   8.45190380761523e+00   3.08854179906302e-01   2.76104029367318e-02
   8.48296593186373e+00   3.09220144294334e-01   2.74051252497157e-02
   8.51402805611222e+00   3.09584952361501e-01   2.72015489077474e-02
   8.54509018036072e+00   3.09948611760079e-01   2.69996585632537e-02
   8.57615230460922e+00   3.10311130075354e-01   2.67994390119900e-02
   8.60721442885771e+00   3.10672514826274e-01   2.66008751917609e-02
   8.63827655310621e+00   3.11032773466047e-01   2.64039521814067e-02
   8.66933867735471e+00   3.11391913382736e-01   2.62086551993429e-02
   8.70040080160321e+00   3.11749941899883e-01   2.60149696025423e-02
   8.73146292585170e+00   3.12106866277105e-01   2.58228808852376e-02
   8.76252505010020e+00   3.12462693710682e-01   2.56323746777374e-02
   8.79358717434870e+00   3.12817431334145e-01   2.54434367452948e-02
   8.82464929859719e+00   3.13171086218888e-01   2.52560529868761e-02
   8.85571142284569e+00   3.13523665374717e-01   2.50702094340133e-02
   8.88677354709419e+00   3.13875175750454e-01   2.48858922495622e-02
   8.91783567134268e+00   3.14225624234489e-01   2.47030877266289e-02
   8.94889779559118e+00   3.14575017655368e-01   2.45217822873329e-02
   8.97995991983968e+00   3.14923362782350e-01   2.43419624817340e-02
   9.01102204408818e+00   3.15270666325976e-01   2.41636149865585e-02
   9.04208416833667e+00   3.15616934938609e-01   2.39867266042978e-02
   9.07314629258517e+00   3.15962175214988e-01   2.38112842617947e-02
   9.10420841683367e+00   3.16306393692799e-01   2.36372750092176e-02
   9.13527054108216e+00   3.16649596853192e-01   2.34646860190763e-02
   9.16633266533066e+00   3.16991791121326e-01   2.32935045848749e-02
   9.19739478957916e+00   3.17332982866906e-01   2.31237181202290e-02
   9.22845691382765e+00   3.17673178404714e-01   2.29553141576282e-02
   9.25951903807615e+00   3.18012383995136e-01   2.27882803473603e-02
   9.29058116232465e+00   3.18350605844677e-01   2.26226044564786e-02
   9.32164328657315e+00   3.18687850106479e-01   2.24582743676667e-02
   9.35270541082164e+00   3.19024122880828e-01   2.22952780782340e-02
   9.38376753507014e+00   3.19359430215674e-01   2.21336036989666e-02
   9.41482965931864e+00   3.19693778107127e-01   2.19732394531624e-02
   9.44589178356713e+00   3.20027172499956e-01   2.18141736755037e-02
   9.47695390781563e+00   3.20359619288078e-01   2.16563948111050e-02
   9.50801603206413e+00   3.20691124315059e-01   2.14998914143619e-02
   9.53907815631263e+00   3.21021693374597e-01   2.13446521480800e-02
   9.57014028056112e+00   3.21351332210989e-01   2.11906657822626e-02
   9.60120240480962e+00   3.21680046519633e-01   2.10379211933314e-02
   9.63226452905812e+00   3.22007841947491e-01   2.08864073629197e-02
   9.66332665330661e+00   3.22334724093527e-01   2.07361133769859e-02
   9.69438877755511e+00   3.22660698509225e-01   2.05870284247985e-02
   9.72545090180361e+00   3.22985770699018e-01   2.04391417979743e-02
   9.75651302605210e+00   3.23309946120746e-01   2.02924428894814e-02
   9.78757515030060e+00   3.23633230186108e-01   2.01469211926691e-02
   9.81863727454910e+00   3.23955628261109e-01   2.00025663003715e-02
   9.84969939879760e+00   3.24277145666518e-01   1.98593679039074e-02
   9.88076152304609e+00   3.24597787678276e-01   1.97173157921022e-02
   9.91182364729459e+00   3.24917559527966e-01   1.95763998504872e-02
   9.94288577154309e+00   3.25236466403218e-01   1.94366100601853e-02
   9.97394789579158e+00   3.25554513448150e-01   1.92979364971910e-02
   1.00050100200401e+01   3.25871705763786e-01   1.91603693313298e-02
   1.00360721442886e+01   3.26188048408474e-01   1.90238988253979e-02
   1.00671342685371e+01   3.26503546398294e-01   1.88885153342446e-02
   1.00981963927856e+01   3.26818204707489e-01   1.87542093039224e-02
   1.01292585170341e+01   3.27132028268856e-01   1.86209712707658e-02
   1.01603206412826e+01   3.27445021974146e-01   1.84887918605939e-02
   1.01913827655311e+01   3.27757190674473e-01   1.83576617877526e-02
   1.02224448897796e+01   3.28068539180701e-01   1.82275718543092e-02
   1.02535070140281e+01   3.28379072263853e-01   1.80985129491716e-02
   1.02845691382766e+01   3.28688794655460e-01   1.79704760473080e-02
   1.03156312625251e+01   3.28997711048000e-01   1.78434522088195e-02
   1.03466933867735e+01   3.29305826095223e-01   1.77174325782421e-02
   1.03777555110220e+01   3.29613144412559e-01   1.75924083835894e-02
   1.04088176352705e+01   3.29919670577485e-01   1.74683709355789e-02
   1.04398797595190e+01   3.30225409129889e-01   1.73453116269447e-02
   1.04709418837675e+01   3.30530364572442e-01   1.72232219314242e-02
   1.05020040080160e+01   3.30834541370948e-01   1.71020934032103e-02
   1.05330661322645e+01   3.31137943954715e-01   1.69819176759069e-02
   1.05641282565130e+01   3.31440576716902e-01   1.68626864620339e-02
   1.05951903807615e+01   3.31742444014861e-01   1.67443915519887e-02
   1.06262525050100e+01   3.32043550170514e-01   1.66270248135206e-02
   1.06573146292585e+01   3.32343899470661e-01   1.65105781907410e-02
   1.06883767535070e+01   3.32643496167341e-01   1.63950437036062e-02
   1.07194388777555e+01   3.32942344478169e-01   1.62804134470347e-02
   1.07505010020040e+01   3.33240448586647e-01   1.61666795901743e-02
   1.07815631262525e+01   3.33537812642538e-01   1.60538343757399e-02
   1.08126252505010e+01   3.33834440762137e-01   1.59418701192430e-02
   1.08436873747495e+01   3.34130337028655e-01   1.58307792083268e-02
   1.08747494989980e+01   3.34425505492482e-01   1.57205541019662e-02
   1.09058116232465e+01   3.34719950171539e-01   1.56111873298948e-02
   1.09368737474950e+01   3.35013675051582e-01   1.55026714917847e-02
   1.09679358717435e+01   3.35306684086517e-01   1.53949992566632e-02
   1.09989979959920e+01   3.35598981198702e-01   1.52881633621722e-02
   1.10300601202405e+01   3.35890570279240e-01   1.51821566138943e-02
   1.10611222444890e+01   3.36181455188307e-01   1.50769718847242e-02
   1.10921843687375e+01   3.36471639755433e-01   1.49726021141409e-02
   1.11232464929860e+01   3.36761127779790e-01   1.48690403076879e-02
   1.11543086172345e+01   3.37049923030498e-01   1.47662795361144e-02
   1.11853707414830e+01   3.37338029246915e-01   1.46643129349134e-02
   1.12164328657315e+01   3.37625450138906e-01   1.45631337036283e-02
   1.12474949899800e+01   3.37912189387142e-01   1.44627351051656e-02
   1.12785571142285e+01   3.38198250643372e-01   1.43631104653007e-02
   1.13096192384770e+01   3.38483637530702e-01   1.42642531718964e-02
   1.13406813627255e+01   3.38768353643885e-01   1.41661566744329e-02
   1.13717434869739e+01   3.39052402549546e-01   1.40688144833262e-02
   1.14028056112224e+01   3.39335787786512e-01   1.39722201693527e-02
   1.14338677354709e+01   3.39618512866029e-01   1.38763673630234e-02
   1.14649298597194e+01   3.39900581272055e-01   1.37812497540602e-02
   1.14959919839679e+01   3.40181996461498e-01   1.36868610907416e-02
   1.15270541082164e+01   3.40462761864496e-01   1.35931951793746e-02
   1.15581162324649e+01   3.40742880884653e-01   1.35002458837086e-02
   1.15891783567134e+01   3.41022356899295e-01   1.34080071243712e-02
   1.16202404809619e+01   3.41301193259744e-01   1.33164728782996e-02
   1.16513026052104e+01   3.41579393291519e-01   1.32256371781686e-02
   1.16823647294589e+01   3.41856960294622e-01   1.31354941119190e-02
   1.17134268537074e+01   3.42133897543761e-01   1.30460378221315e-02
   1.17444889779559e+01   3.42410208288585e-01   1.29572625055093e-02
   1.17755511022044e+01   3.42685895753943e-01   1.28691624123694e-02
   1.18066132264529e+01   3.42960963140092e-01   1.27817318460915e-02
   1.18376753507014e+01   3.43235413622950e-01   1.26949651626540e-02
   1.18687374749499e+01   3.43509250354301e-01   1.26088567699704e-02
   1.18997995991984e+01   3.43782476462066e-01   1.25234011275683e-02
   1.19308617234469e+01   3.44055095050467e-01   1.24385927459332e-02
   1.19619238476954e+01   3.44327109200308e-01   1.23544261860955e-02
   1.19929859719439e+01   3.44598521969158e-01   1.22708960590820e-02
   1.20240480961924e+01   3.44869336391579e-01   1.21879970254707e-02
   1.20551102204409e+01   3.45139555479356e-01   1.21057237948598e-02
   1.20861723446894e+01   3.45409182221679e-01   1.20240711254014e-02
   1.21172344689379e+01   3.45678219585388e-01   1.19430338233228e-02
   1.21482965931864e+01   3.45946670515156e-01   1.18626067425036e-02
   1.21793587174349e+01   3.46214537933718e-01   1.17827847839084e-02
   1.22104208416834e+01   3.46481824742051e-01   1.17035628951964e-02
   1.22414829659319e+01   3.46748533819601e-01   1.16249360702890e-02
   1.22725450901804e+01   3.47014668024458e-01   1.15468993488217e-02
   1.23036072144289e+01   3.47280230193589e-01   1.14694478157585e-02
   1.23346693386774e+01   3.47545223142988e-01   1.13925766009703e-02
   1.23657314629259e+01   3.47809649667921e-01   1.13162808787442e-02
   1.23967935871743e+01   3.48073512543074e-01   1.12405558673601e-02
   1.24278557114228e+01   3.48336814522766e-01   1.11653968286605e-02
   1.24589178356713e+01   3.48599558341142e-01   1.10907990676600e-02
   1.24899799599198e+01   3.48861746712339e-01   1.10167579320669e-02
   1.25210420841683e+01   3.49123382330680e-01   1.09432688119024e-02
   1.25521042084168e+01   3.49384467870877e-01   1.08703271390723e-02
   1.25831663326653e+01   3.49645005988169e-01   1.07979283869852e-02
   1.26142284569138e+01   3.49904999318534e-01   1.07260680700705e-02
   1.26452905811623e+01   3.50164450478853e-01   1.06547417434992e-02
   1.26763527054108e+01   3.50423362067092e-01   1.05839450026805e-02
   1.27074148296593e+01   3.50681736662467e-01   1.05136734828836e-02
   1.27384769539078e+01   3.50939576825622e-01   1.04439228589254e-02
   1.27695390781563e+01   3.51196885098779e-01   1.03746888446990e-02
   1.28006012024048e+01   3.51453664005945e-01   1.03059671928377e-02
   1.28316633266533e+01   3.51709916053041e-01   1.02377536943086e-02
   1.28627254509018e+01   3.51965643728085e-01   1.01700441780744e-02
   1.28937875751503e+01   3.52220849501343e-01   1.01028345106907e-02
   1.29248496993988e+01   3.52475535825497e-01   1.00361205959792e-02
   1.29559118236473e+01   3.52729705135810e-01   9.96989837461271e-03
   1.29869739478958e+01   3.52983359850275e-01   9.90416382379065e-03
   1.30180360721443e+01   3.53236502369770e-01   9.83891295688423e-03
   1.30490981963928e+01   3.53489135078214e-01   9.77414182309465e-03
   1.30801603206413e+01   3.53741260342723e-01   9.70984650706577e-03
   1.31112224448898e+01   3.53992880513767e-01   9.64602312858096e-03
   1.31422845691383e+01   3.54243997925288e-01   9.58266784218859e-03
   1.31733466933868e+01   3.54494614894899e-01   9.51977683690271e-03
   1.32044088176353e+01   3.54744733723979e-01   9.45734633583969e-03
   1.32354709418838e+01   3.54994356697862e-01   9.39537259589433e-03
   1.32665330661323e+01   3.55243486085945e-01   9.33385190742416e-03
   1.32975951903808e+01   3.55492124141858e-01   9.27278059389700e-03
   1.33286573146293e+01   3.55740273103583e-01   9.21215501162736e-03
   1.33597194388778e+01   3.55987935193600e-01   9.15197154939523e-03
   1.33907815631263e+01   3.56235112619036e-01   9.09222662816629e-03
   1.34218436873747e+01   3.56481807571775e-01   9.03291670079503e-03
   1.34529058116232e+01   3.56728022228637e-01   8.97403825164480e-03
   1.34839679358717e+01   3.56973758751463e-01   8.91558779640873e-03
   1.35150300601202e+01   3.57219019287263e-01   8.85756188168346e-03
   1.35460921843687e+01   3.57463805968364e-01   8.79995708474325e-03
   1.35771543086172e+01   3.57708120912528e-01   8.74277001321323e-03
   1.36082164328657e+01   3.57951966223079e-01   8.68599730482723e-03
   1.36392785571142e+01   3.58195343989024e-01   8.62963562703660e-03
   1.36703406813627e+01   3.58438256285188e-01   8.57368167685656e-03
   1.37014028056112e+01   3.58680705172330e-01   8.51813218045432e-03
   1.37324649298597e+01   3.58922692697281e-01   8.46298389296842e-03
   1.37635270541082e+01   3.59164220893040e-01   8.40823359819894e-03
   1.37945891783567e+01   3.59405291778930e-01   8.35387810827415e-03
   1.38256513026052e+01   3.59645907360675e-01   8.29991426350156e-03
   1.38567134268537e+01   3.59886069630550e-01   8.24633893195768e-03
   1.38877755511022e+01   3.60125780567495e-01   8.19314900934822e-03
   1.39188376753507e+01   3.60365042137211e-01   8.14034141864985e-03
   1.39498997995992e+01   3.60603856292291e-01   8.08791310990765e-03
   1.39809619238477e+01   3.60842224972326e-01   8.03586105994395e-03
   1.40120240480962e+01   3.61080150104031e-01   7.98418227211851e-03
   1.40430861723447e+01   3.61317633601330e-01   7.93287377608803e-03
   1.40741482965932e+01   3.61554677365493e-01   7.88193262749829e-03
   1.41052104208417e+01   3.61791283285218e-01   7.83135590782789e-03
   1.41362725450902e+01   3.62027453236771e-01   7.78114072403892e-03
   1.41673346693387e+01   3.62263189084066e-01   7.73128420844355e-03
   1.41983967935872e+01   3.62498492678780e-01   7.68178351836568e-03
   1.42294589178357e+01   3.62733365860454e-01   7.63263583595425e-03
   1.42605210420842e+01   3.62967810456599e-01   7.58383836794125e-03
   1.42915831663327e+01   3.63201828282805e-01   7.53538834539932e-03
   1.43226452905812e+01   3.63435421142829e-01   7.48728302351842e-03
   1.43537074148297e+01   3.63668590828706e-01   7.43951968139089e-03
   1.43847695390782e+01   3.63901339120845e-01   7.39209562173307e-03
   1.44158316633267e+01   3.64133667788120e-01   7.34500817072927e-03
   1.44468937875752e+01   3.64365578587988e-01   7.29825467775798e-03
   1.44779559118236e+01   3.64597073266553e-01   7.25183251520378e-03
   1.45090180360721e+01   3.64828153558700e-01   7.20573907823753e-03
   1.45400801603206e+01   3.65058821188154e-01   7.15997178456170e-03
   1.45711422845691e+01   3.65289077867581e-01   7.11452807425343e-03
   1.46022044088176e+01   3.65518925298722e-01   7.06940540952871e-03
   1.46332665330661e+01   3.65748365172417e-01   7.02460127451782e-03
   1.46643286573146e+01   3.65977399168746e-01   6.98011317508466e-03
   1.46953907815631e+01   3.66206028957096e-01   6.93593863862370e-03
   1.47264529058116e+01   3.66434256196265e-01   6.89207521382381e-03
   1.47575150300601e+01   3.66662082534534e-01   6.84852047049594e-03
   1.47885771543086e+01   3.66889509609764e-01   6.80527199937763e-03
   1.48196392785571e+01   3.67116539049476e-01   6.76232741192943e-03
   1.48507014028056e+01   3.67343172470953e-01   6.71968434013255e-03
   1.48817635270541e+01   3.67569411481302e-01   6.67734043629447e-03
   1.49128256513026e+01   3.67795257677546e-01   6.63529337288669e-03
   1.49438877755511e+01   3.68020712646721e-01   6.59354084233090e-03
   1.49749498997996e+01   3.68245777965936e-01   6.55208055680321e-03
   1.50060120240481e+01   3.68470455202465e-01   6.51091024808495e-03
   1.50370741482966e+01   3.68694745913833e-01   6.47002766734654e-03
   1.50681362725451e+01   3.68918651647891e-01   6.42943058498103e-03
   1.50991983967936e+01   3.69142173942887e-01   6.38911679042800e-03
   1.51302605210421e+01   3.69365314327551e-01   6.34908409198356e-03
   1.51613226452906e+01   3.69588074321189e-01   6.30933031664472e-03
   1.51923847695391e+01   3.69810455433712e-01   6.26985330990107e-03
   1.52234468937876e+01   3.70032459165781e-01   6.23065093560508e-03
   1.52545090180361e+01   3.70254087008828e-01   6.19172107576687e-03
   1.52855711422846e+01   3.70475340445134e-01   6.15306163041593e-03
   1.53166332665331e+01   3.70696220947935e-01   6.11467051739581e-03
   1.53476953907816e+01   3.70916729981469e-01   6.07654567224166e-03
   1.53787575150301e+01   3.71136869001058e-01   6.03868504797061e-03
   1.54098196392786e+01   3.71356639453173e-01   6.00108661497441e-03
   1.54408817635271e+01   3.71576042775515e-01   5.96374836080255e-03
   1.54719438877756e+01   3.71795080397076e-01   5.92666829004730e-03
   1.55030060120240e+01   3.72013753738210e-01   5.88984442415119e-03
   1.55340681362725e+01   3.72232064210708e-01   5.85327480128735e-03
   1.55651302605210e+01   3.72450013217863e-01   5.81695747617691e-03
   1.55961923847695e+01   3.72667602154535e-01   5.78089051994897e-03
   1.56272545090180e+01   3.72884832407221e-01   5.74507201997654e-03
   1.56583166332665e+01   3.73101705354118e-01   5.70950007975849e-03
   1.56893787575150e+01   3.73318222365194e-01   5.67417281872362e-03
   1.57204408817635e+01   3.73534384802251e-01   5.63908837213120e-03
   1.57515030060120e+01   3.73750194018984e-01   5.60424489089882e-03
   1.57825651302605e+01   3.73965651361055e-01   5.56964054144870e-03
   1.58136272545090e+01   3.74180758166143e-01   5.53527350561134e-03
   1.58446893787575e+01   3.74395515764030e-01   5.50114198042553e-03
   1.58757515030060e+01   3.74609925476627e-01   5.46724417804178e-03
   1.59068136272545e+01   3.74823988618074e-01   5.43357832557076e-03
   1.59378757515030e+01   3.75037706494765e-01   5.40014266494556e-03
   1.59689378757515e+01   3.75251080405448e-01   5.36693545277211e-03
   1.60000000000000e+01   3.75464111641241e-01   5.33395496022630e-03
